MSE: 0.212299
RMSE: 0.460759
MAE: 0.345905
