MSE: 0.159969
RMSE: 0.399961
MAE: 0.302049
